
těžiště: [[-2, 4, 3], [0, -4, 3], [-3, 0, 5]]
Bod:  [0, -1, -2]
vzdálenosti: 7.3484692283495345 5.830951894845301 7.681145747868608
Bod:  [-3, -1, -3]
vzdálenosti: 7.874007874011811 7.3484692283495345 8.06225774829855
Bod:  [1, -3, 2]
vzdálenosti: 7.681145747868608 1.7320508075688772 5.830951894845301
Bod:  [-2, -2, 2]
vzdálenosti: 6.082762530298219 3.0 3.7416573867739413
Bod:  [1, 2, -4]
vzdálenosti: 7.874007874011811 9.273618495495704 10.04987562112089
Bod:  [0, -4, 3]
vzdálenosti: 8.246211251235321 0.0 5.385164807134504
Bod:  [1, 0, -3]
vzdálenosti: 7.810249675906654 7.280109889280518 8.94427190999916
Bod:  [-3, 0, 0]
vzdálenosti: 5.0990195135927845 5.830951894845301 5.0
Bod:  [-2, 2, -4]
vzdálenosti: 7.280109889280518 9.433981132056603 9.273618495495704
Bod:  [-2, 4, 3]
vzdálenosti: 0.0 8.246211251235321 4.58257569495584
Bod:  [3, -2, 4]
vzdálenosti: 7.874007874011811 3.7416573867739413 6.4031242374328485
Bod:  [2, -5, -4]
vzdálenosti: 12.083045973594572 7.3484692283495345 11.445523142259598
skupina 1:  [[1, 2, -4], [-2, 2, -4], [-2, 4, 3]]
skupina 2:  [[0, -1, -2], [-3, -1, -3], [1, -3, 2], [-2, -2, 2], [0, -4, 3], [1, 0, -3], [3, -2, 4], [2, -5, -4]]
skupina 3:  [[-3, 0, 0]]


těžiště: [[-1.0, 2.6666666666666665, -1.6666666666666667], [0.25, -2.25, -0.125], [-3.0, 0.0, 0.0]]
Bod:  [0, -1, -2]
vzdálenosti: 3.8151743807531986 2.2672946434021317 3.7416573867739413
Bod:  [-3, -1, -3]
vzdálenosti: 4.384315479321969 4.5155979670471105 3.1622776601683795
Bod:  [1, -3, 2]
vzdálenosti: 7.039570693980958 2.375 5.385164807134504
Bod:  [-2, -2, 2]
vzdálenosti: 6.018490028422596 3.1049355870935553 3.0
Bod:  [1, 2, -4]
vzdálenosti: 3.144660377352201 5.800053879060091 6.0
Bod:  [0, -4, 3]
vzdálenosti: 8.198915917499228 3.590351654086268 5.830951894845301
Bod:  [1, 0, -3]
vzdálenosti: 3.5901098714230026 3.7270128789688934 5.0
Bod:  [-3, 0, 0]
vzdálenosti: 3.7267799624996494 3.9548230048890938 0.0
Bod:  [-2, 2, -4]
vzdálenosti: 2.6246692913372702 6.175809663517812 4.58257569495584
Bod:  [-2, 4, 3]
vzdálenosti: 4.955356249106169 7.341023430013012 5.0990195135927845
Bod:  [3, -2, 4]
vzdálenosti: 8.359957469322968 4.963932412916195 7.483314773547883
Bod:  [2, -5, -4]
vzdálenosti: 8.556998435328957 5.0636572751322735 8.12403840463596
skupina 1:  [[1, 2, -4], [1, 0, -3], [-2, 2, -4], [-2, 4, 3]]
skupina 2:  [[0, -1, -2], [1, -3, 2], [0, -4, 3], [3, -2, 4], [2, -5, -4]]
skupina 3:  [[-3, -1, -3], [-2, -2, 2], [-3, 0, 0]]


těžiště: [[-0.5, 2.0, -2.0], [1.2, -3.0, 0.6], [-2.6666666666666665, -1.0, -0.3333333333333333]]
Bod:  [0, -1, -2]
vzdálenosti: 3.0413812651491097 3.492849839314596 3.1446603773522015
Bod:  [-3, -1, -3]
vzdálenosti: 4.031128874149275 5.882176467941097 2.6874192494328497
Bod:  [1, -3, 2]
vzdálenosti: 6.576473218982953 1.414213562373095 4.784233364802441
Bod:  [-2, -2, 2]
vzdálenosti: 5.852349955359813 3.6331804249169903 2.6246692913372702
Bod:  [1, 2, -4]
vzdálenosti: 2.5 6.797058187186571 5.9907335852038095
Bod:  [0, -4, 3]
vzdálenosti: 7.826237921249264 2.8635642126552705 5.217491947499509
Bod:  [1, 0, -3]
vzdálenosti: 2.692582403567252 4.69041575982343 4.642796092394706
Bod:  [-3, 0, 0]
vzdálenosti: 3.774917217635375 5.196152422706632 1.1055415967851334
Bod:  [-2, 2, -4]
vzdálenosti: 2.5 7.5099933422074345 4.784233364802441
Bod:  [-2, 4, 3]
vzdálenosti: 5.5901699437494745 8.06225774829855 6.0461190490723515
Bod:  [3, -2, 4]
vzdálenosti: 8.0156097709407 3.974921382870358 7.203394261658103
Bod:  [2, -5, -4]
vzdálenosti: 7.697402159170326 5.079370039680118 7.156970184527962
skupina 1:  [[0, -1, -2], [1, 2, -4], [1, 0, -3], [-2, 2, -4], [-2, 4, 3]]
skupina 2:  [[1, -3, 2], [0, -4, 3], [3, -2, 4], [2, -5, -4]]
skupina 3:  [[-3, -1, -3], [-2, -2, 2], [-3, 0, 0]]


těžiště: [[-0.4, 1.4, -2.0], [1.5, -3.5, 1.25], [-2.6666666666666665, -1.0, -0.3333333333333333]]
Bod:  [0, -1, -2]
vzdálenosti: 2.4331050121192876 4.366062299143245 3.1446603773522015
Bod:  [-3, -1, -3]
vzdálenosti: 3.676955262170047 6.675514961409345 2.6874192494328497
Bod:  [1, -3, 2]
vzdálenosti: 6.1090097397205065 1.0307764064044151 4.784233364802441
Bod:  [-2, -2, 2]
vzdálenosti: 5.488169093604897 3.881043674065006 2.6246692913372702
Bod:  [1, 2, -4]
vzdálenosti: 2.513961017995307 7.6198753270640855 5.9907335852038095
Bod:  [0, -4, 3]
vzdálenosti: 7.370210309075312 2.358495283014151 5.217491947499509
Bod:  [1, 0, -3]
vzdálenosti: 2.2181073012818833 5.528336096873995 4.642796092394706
Bod:  [-3, 0, 0]
vzdálenosti: 3.566510900025402 5.836308764964376 1.1055415967851334
Bod:  [-2, 2, -4]
vzdálenosti: 2.6305892875931813 8.370334521391603 4.784233364802441
Bod:  [-2, 4, 3]
vzdálenosti: 5.858327406350724 8.459462157844316 6.0461190490723515
Bod:  [3, -2, 4]
vzdálenosti: 7.688953114696434 3.473110997362451 7.203394261658103
Bod:  [2, -5, -4]
vzdálenosti: 7.121797525905943 5.482928049865327 7.156970184527962
skupina 1:  [[0, -1, -2], [1, 2, -4], [1, 0, -3], [-2, 2, -4], [-2, 4, 3]]
skupina 2:  [[1, -3, 2], [0, -4, 3], [3, -2, 4], [2, -5, -4]]
skupina 3:  [[-3, -1, -3], [-2, -2, 2], [-3, 0, 0]]

------------------------------------------------------------------------------------------------------

výsledek: 
středy:  [[-0.4, 1.4, -2.0], [1.5, -3.5, 1.25], [-2.6666666666666665, -1.0, -0.3333333333333333]]
skupina 1:  [[0, -1, -2], [1, 2, -4], [1, 0, -3], [-2, 2, -4], [-2, 4, 3]]
skupina 2:  [[1, -3, 2], [0, -4, 3], [3, -2, 4], [2, -5, -4]]
skupina 3:  [[-3, -1, -3], [-2, -2, 2], [-3, 0, 0]]
